2378
2358
2334
2314
2292
2274
2254
2234
2214
2194
2174
2154
2134
2112
2090
2068
2046
2026
1993
1973
1955
1931
1909
1889
1869
1851
1833
1811
1789
1769
1749
1727
1705
1685
1665
1643
1623
1603
1581
1561
1543
1523
1501
1479
1459
1439
1419
1399
1379
1359
1339
1319
1297
1275
1253
1229
1209
1185
1165
1145
1125
1105
1087
1065
1045
1025
1005
985
965
945
927
909
889
869
851
833
813
793
773
755
737
717
697
675
657
639
623
607
587
569
549
531
515
499
483
467
441
420
420
420
420
420
420
420
420
420
420
420
420
420
420
420
420
420
420
420
420
420
420
420
420
420
420
420
420
420
420
420
420
420
420
420
420
420
420
420
420
420
420
420
420
420
420
420
420
420
420
420
420
420
420
420
420
420
420
420
420
420
420
420
420
420
420
420
420
420
420
420
420
420
420
420
420
420
420
420
420
420
420
420
420
420
420
420
420
420
420
420
420
420
420
420
420
420
420
420
420
420
420
420