1590
1580
1570
1560
1550
1540
1532
1520
1510
1500
1490
1480
1470
1458
1446
1436
1426
1416
1404
1396
1388
1378
1368
1356
1346
1336
1328
1316
1304
1296
1278
1268
1258
1248
1238
1228
1218
1208
1200
1192
1182
1172
1160
1152
1142
1132
1122
1112
1102
1090
1082
1074
1059
1049
1037
1029
1021
1009
1001
993
983
975
965
957
949
939
929
914
902
894
886
878
868
858
850
844
836
828
820
812
800
792
784
776
768
760
751
743
729
721
715
709
703
693
687
683
683
683
683
683
683
683
683
683
683
683
683
683
683
683
683
683
683
683
683
683
683
683
683
683
683
683
683
683
683
683
683
683
683
683
683
683
683
683
683
683
683
683
683
683
683
683
683
683
683
683
683
683
683
683
683
683
683
683
683
683
683
683
683
683
683
683
683
683
683
683
683
683
683
683
683
683
683
683
683
683
683
683
683
683
683
683
683
683
683
683
683
683
683
683
683
683
683
683
683
683
683
683
683
683

