12786
12772
12760
12746
12734
12722
12706
12694
12682
12668
12658
12646
12634
12622
12610
12596
12586
12574
12562
12550
12534
12522
12508
12496
12482
12468
12456
12444
12432
12418
12406
12394
12378
12366
12354
12338
12326
12314
12300
12286
12274
12260
12246
12236
12222
12210
12198
12186
12172
12158
12146
12134
12120
12108
12096
12084
12072
12060
12048
12036
12024
12012
11998
11986
11974
11964
11952
11942
11926
11914
11902
11886
11872
11856
11844
11830
11816
11804
11792
11780
11768
11756
11746
11734
11722
11712
11698
11686
11674
11660
11648
11636
11624
11612
11600
11588
11576
11566
11554
11540
11528
11514
11502
11490
11480
11468
11456
11444
11432
11420
11408
11398
11386
11374
11358
11346
11330
11318
11306
11294
11282
11270
11256
11244
11230
11218
11206
11196
11184
11174
11162
11152
11142
11130
11116
11106
11096
11082
11072
11060
11048
11038
11026
11016
11006
10994
10982
10970
10958
10946
10932
10920
10906
10894
10884
10872
10860
10848
10836
10824
10808
10798
10786
10774
10762
10748
10736
10724
10714
10702
10690
10678
10666
10650
10638
10626
10614
10604
10592
10582
10568
10556
10542
10532
10520
10508
10496
10482
10470
10460
10446
10434
10424
10410
10396
10384
10372
10358
10344
10330